0.0007022537232062254
0.46353727715778703
0.4547129872472324
0.0016616393517252814
0.4447247043004733
0.4320268494200592
0.41696921285686783
0.3993788484407373
0.008340701217459648
0.38231438055201156
0.35995946791320055
0.3353162749928347
0.30881735161791385
0.03130004438839254
0.290227686925235
0.2621229416176455
0.23412983898492695
0.06354812861430786
0.05600126075845268
0.04958808657277342
0.24707653464144022
0.056943768309519284
0.23293233711934924
0.2059014431038569
0.1804887891040315
0.09649785011960604
0.17432637295715583
0.1516129943436162
0.13133577248964415
0.11353291016783984
0.09810846557302443
0.1728744364956197
0.10282452368015056
0.08890732900074415
0.07701877609786267
0.0669073549071426
0.058329859818314
0.23151902713148473
0.066343832254334
0.05785052441411727
0.05064458377530964
0.04452433627732724
0.03931521384608126
0.27079536251790304
0.04753217483249303
0.041876793550107996
0.03705558458188988
0.03293286180268224
0.029393837001097288
0.026344281323137358
0.023705916477315785
0.021413820277658636
0.019414168763778994
0.32971186805372693
0.29830012130153005
0.03652648266799515
0.03248029587346015
0.029004013908865388
0.026007833786475115
0.02341380135207457
0.02115974408254379
0.019191515853442014
0.01746730695813819
0.015950279446171795
0.014610479474436104
0.013423228647769075
0.012366623719760899
0.011423453332228618
0.010579058481216872
0.009820731716203832
0.009136982066645755
0.008518906669420904
0.007959341282147364
0.007450380754980458
0.006987103036117818
0.006564436732778268
0.0061774001412023185
0.005821928570482373
0.4006547920846283
0.00881244297398788
0.008225320335997474
0.38365522064701485
0.012072492600181523
0.011160416683451564
0.01034261086355172
0.009607699318602095
0.008944581844671713
0.008345066816095963
0.007801233742820281
0.007307010071917504
0.006856284773592423
0.006444248358629976
0.0060671086175197175
0.005721103029300157
0.0054028974170302274
0.005109395457171016
0.004838535666805336
0.004588073030599523
0.004355874640760099
0.004140416264797485
0.0039401346956469165
0.0037536661243309827
0.003579661567043362
0.0034171974537370864
0.0032654346138118752
0.0031231038512379906
0.0029896973517015164
0.002864500932195912
0.002746797205164014
0.002636093196709959
0.0025318323167966028
0.00243351419979553
0.0023406213543216282
0.0022527434150076456
0.436294342460027
0.003641217381589555
0.003474892527127591
0.003319137059567235
0.0031737593759838083
0.0030370757335955916
0.42663194025363904
0.004821839574880467
0.40893981976577687
0.007410286604521176
0.006950347852238093
0.006530512612675495
0.006146179287733113
0.0057938518597977695
0.0054696444363875035
0.005170950485451842
0.004895447238254767
0.004640670777960545
0.004405087057752643
0.004185790201568285
0.00398248913567924
0.4166942908430128
0.006207987332375074
0.005850114912282271
0.40043044448500503
0.008851706490661918
0.008260676596805239
0.007724717874822365
0.0072372419638677766
0.006792400840285487
0.006386025876723711
0.00601371499123687
0.005672022736712422
0.00535760683883028
0.005067746152045002
0.004800023170962417
0.004552333047927212
0.004322942305392759
0.004109735209376144
0.003911632332084361
0.003727182371932157
0.003554771572377099
0.0033939739794153065
0.003243576491058773
0.0031026629471400543
0.0029705707233667515
0.0028465418117357122
0.0027299142254640905
0.002620244673840247
0.002516756440704688
0.00241918225422789
0.002327113855952387
0.00224005542695666
0.002157702810989438
0.002079741457154884
0.0020058034390748563
0.0019358663938422995
0.001869148674214013
0.001806020512425919
0.001745715889778988
0.0016884829900821621
0.0016339669939419263
0.0015819541501322731
0.0015323817496498682
0.001485118177656707
0.0014399356260627605
0.4485426719766862
0.0023812235981898935
0.002291273303052016
0.0022059930667026073
0.002125435839606864
0.43803004852973687
0.0034466654581737327
0.0032930563642598483
0.0031489606535215625
0.0030138890037456844
0.0028872569054942034
0.0027683623959817273
0.002656199037503741
0.0025508864296947694
0.002451272491119392
0.002357568784028814
0.002268668183496472
0.002184885913373809
0.002105386347052629
0.002030245310123846
0.0019588128969237942
0.001891066490856889
0.0018267734445091826
0.0017655570800393244
0.001707344494528991
0.4441712806128933
0.0028004782523628207
0.0026865354716632058
0.0025793727930532423
0.0024782535926579394
0.002382876728347989
0.0022928100336228694
0.002207651502037008
0.0021270780779963864
0.0020505834668743898
0.0019782326454353383
0.0019094919594745492
0.0018442096463804057
0.0017822174132199615
0.0017232921305961257
0.0016670326558346088
0.44480563295952397
0.002737523508732938
0.002627461013410317
0.002523603535583826
0.0024256089356899284
0.002333233265282214
0.0022457926942070897
0.43638634949506216
0.0036306629467355374
0.0034650211718309436
0.42194688432911176
0.005453638983448253
0.005156578107334339
0.004882029938012121
0.004628429436240595
0.0043931798159281225
0.0041750473546897865
0.00397230331715563
0.0037835730895477257
0.0036076579729581986
0.0034434362370357563
0.0032898683758784495
0.42382040286055245
0.0051964034568164254
0.004918705757085383
0.004662590193594345
0.004424625541527326
0.004204278207681851
0.003999561371627712
0.0038089280420012784
0.41840681466222895
0.005956609804041071
0.005619088102966786
0.005308852973627252
0.005022773532668693
0.0047586661630766875
0.004513925250612209
0.004287219681916636
0.004076517363990455
0.0038806392238100325
0.4176940043843132
0.00606050077293948
0.0057148066798677144
0.005397410470205624
0.0051045250632767315
0.0048338803393253565
0.0045835000248752285
0.004351672650932456
0.41317783296233856
0.006739960890502024
0.39374696293239086
0.01007431441466796
0.009365790528223648
0.008726055995485833
0.008146962584022114
0.007621331031136218
0.007142957286936185
0.006706592105982515
0.006307449105923424
0.39692954530265234
0.00948270265328728
0.00883218183451171
0.00824279948726123
0.0077084385241090875
0.007222180136334092
0.006778832764884741
0.006373612103892705
0.006002364074448342
0.00566180457421668
0.005348292922483839
0.005058794905411577
0.004791819795217009
0.004544726813057735
0.0043157538770103795
0.004103161371777078
0.0039053926273684204
0.003721253407489818
0.00354966228044854
0.4210580040950196
0.005577791790768551
0.005270671081569653
0.0049878121087806515
0.004725884682643552
0.004483773793163731
0.004259289257976926
0.004050477908111971
0.0038565279696906162
0.003675580750948155
0.0035069068478194897
0.0033491789429822894
0.42317862653736726
0.005283555998592486
0.00499958131268196
0.004736935834860979
0.40968778850948356
0.007289826358667153
0.006840360684143063
0.006430156914257924
0.00605426792134633
0.005708899863695495
0.005391792584630732
0.005099098212280791
0.004828995959294261
0.0045792118914724875
0.004347770072771382
0.004132848863785172
0.4152390823004646
0.00642524211401089
0.0060496724843668945
0.3988845762477995
0.009127645164894484
0.008510731262835865
0.007951577933839363
0.007443852733876241
0.006981018429547771
0.006558449938380955
0.006171821600979374
0.005817672753112623
0.005491198470566749
0.005190938552896711
0.00491391641029062
0.004657783874938257
0.004420706792027227
0.004200519048673541
0.003996058637505845
0.00380581127421035
0.0036282848178040943
0.0034626647727773155
0.0033080580354197518
0.003162928286197439
0.0030270141848471473
0.002899525701730563
0.0027797564185262132
0.0026670904867843234
0.002561213681767859
0.002460944626911788
0.43356783533251353
0.003957709255371494
0.0037700195209277765
0.0035950143682090697
0.003431584964627074
0.0032787864961657046
0.0031356167457281163
0.0030015475973794808
0.0028758035782097667
0.002757199218741603
0.0026460213902950226
0.0025410020883808435
0.0024421306191104494
0.002348692977014239
0.0022605057711122633
0.0021770598827373197
0.0020981496897805713
0.0020231744200056028
0.0019522319721844846
0.0018848662406841952
0.0018207793382462984
0.0017599095722213578
0.0017019259275032961
0.44425519786845524
0.0027920455995706357
0.002678638214211931
0.0025718986211650152
0.0024712945049543853
0.433435470364657
0.003973231514896643
0.003784587800816477
0.0036084753485681707
0.003444186785799199
0.0032904936568393314
0.003146747795221817
0.003011840519211572
0.0028854528156090496
0.002766349111929296
0.0026545194787601744
0.002549131493601322
0.0024497432511756943
0.002356106168106279
0.4349245622112224
0.003798437728197548
0.0036214435824753295
0.4203107140043816
0.005682946555003478
0.005367637685233287
0.0050770121292548955
0.004808674190236751
0.004560336885833125
0.004330230908349078
0.004116566532663858
0.0039179150612218055
0.0037329080156714733
0.003560341039809708
0.0033991836551929347
0.4226419201723922
0.005357186323224783
0.0050678270362529265
0.4068198766860915
0.00775728274263009
0.007266804636844305
0.006819542586395336
0.006410764861531416
0.396156679109646
0.009624629156612392
0.008960153324094437
0.008359221038274543
0.007813850537046306
0.0073182898350193926
0.0068666367846586295
0.006454268766574264
0.0060759490017223946
0.00572910284605895
0.005410184710044297
0.005116245320847292
0.004845127411370399
0.004593904640696235
0.0043615255760162805
0.004145574226004895
0.003944841469749054
0.0037579708030934305
0.0035837680921194455
0.003421086398544821
0.003268893899562175
0.003126493809379573
0.002992924460422437
0.0028674732389148546
0.002749679071618131
0.002638698829012815
0.0025342225336886974
0.002435786356820977
0.0023426800263180985
0.002254868190209814
0.002171688154214292
0.002093072230970183
0.0020183893165734886
0.0019476390873259838
0.00188042562201429
0.001816613868527592
0.0017559193126660154
0.0016981868019307902
0.0016431871720541454
0.0015907872167258772
0.0015408046856503447
0.0014931265983852235
0.001447648846196144
0.0014040138207479934
0.0013624051011808956
0.001322594857861776
0.0012844344260867946
0.001247854664649709
0.0012128787289200315
0.0011792599888493325
0.0011470848661473247
0.0011161086075671823
0.0010864079750289002
0.0010578105237777982
0.0010303595367315015
0.0010038404346327174
0.0009784527834271772
0.0009538847704790314
0.0009302709763003427
0.0009075394492267365
0.0008857183684853291
0.0008645259011901725
0.0008440820402680423
0.0008242981638456319
0.0008052681970491014
0.0007869241441881348
0.0007690831292545627
0.0007518872248025024
0.0007353108477843169
0.4627906004688445
0.45127035097842066
0.0021364278453317115
0.0020595406282289327
0.0019866924970016477
0.0019176077575097832
0.0018518826000008578
0.0017894741787255904
0.0017301466075271593
0.0016736486128091255
0.0016197870555774555
0.0015685174977537399
0.0015195001158358232
0.0014727582943749409
0.4479794892384785
0.002432984382798226
0.0023401431967234403
0.0022523781682021213
0.0021694982724990318
0.002090820441623077
0.002016201412629038
0.0019457034844336562
0.0018786392196527865
0.001814916781875683
0.0017542557315488624
0.0016965443184277645
0.0016416264178323297
0.0015892974431925629
0.0015393854278351732
0.0014917797282344328
0.001446252880116663
0.001402762020039042
0.44918222971550065
0.002322657836891893
0.0022357234219792434
0.0021535765025214367
0.002075817788395574
0.002002236114652149
0.0019321838553113617
0.001865785767211186
0.00180270829902097
0.44270333524576244
0.0029488209403707327
0.4276420405352439
0.004690543402106672
0.004450869038762975
0.004228995209057761
0.0040222075781244536
0.003830342529106333
0.0036509995604452005
0.0034839040245387694
0.4217446285659363
0.0054815250055435215
0.005182237040467701
0.004905730448359094
0.004650207937631134
0.0044140112903311105
0.004194290838371719
0.003989978096795483
0.0038002478234353547
0.0036230235321421562
0.0034576779950432025
0.003303429017557538
0.0031585613218397873
0.003022970752599826
0.42679051597140694
0.00480130698915295
0.004553309654565407
0.004323610833951312
0.004110410268147518
0.003912439435220348
0.0037277856631784427
0.0035553998361395724
0.0033945141647568006
0.4226908055389561
0.005350360406798426
0.0050610562125366606
0.4068714266880293
0.007748273704179304
0.007258602088850019
0.006812292049980302
0.006404039868958258
0.006030279189996922
0.005687100702478149
0.0053715220988678255
0.005080989072431403
0.004811938095737074
0.004563354315369619
0.4112357838445529
0.007042564316207104
0.006614702280028208
0.006223390070394908
0.00586441274555224
0.005534650852432345
0.005231023596664736
0.004951395015695778
0.004692375757516239
0.004452618243909678
0.004229996394655248
0.4143163125485018
0.0065651174729543784
0.006177865056876147
0.39790583662984413
0.009304587472710554
0.3769759693737029
0.013492787114869703
0.01242867609209529
0.3599550741623591
0.33048379201395967
0.02566308651264252
0.023114627466684558
0.02089866689675225
0.018963464463228132
0.01726685790759002
0.01577367213250762
0.014454276407120001
0.013284053768761156
0.0122427427170809
0.011313503700005811
0.010479941067746293
0.00973099266792648
0.009056122096059388
0.3784739991865159
0.01316778667330971
0.012139147371737543
0.011220356455397273
0.010396491276470457
0.009656046295591617
0.008988736051726896
0.008384588583951434
0.007837258216504673
0.007340052205575063
0.006885870196028632
0.006471978891559395
0.006092224446961637
0.005744339744101605
0.0054241769519999036
0.00512886468121537
0.004856574242862174
0.004604785359844731
0.004371341371190214
0.004154877585165324
0.00395349514757304
0.0037660512469967302
0.003591280914716761
0.003428081966187689
0.0032755349445494227
0.003132712681188244
0.0029986541709474727
0.0028729288876461357
0.0027547147172327776
0.002643517773222445
0.002538768745205875
0.0024399684967054288
0.002346924326661913
0.0022586012482071105
0.00217528968898719
0.0020963622987498773
0.002021825615015728
0.0019506775603454999
0.0018833792600769913
0.0018193916285369348
0.44244998994880014
0.42583814873462567
0.00492583913358048
0.0046688190751782484
0.004430769505633217
0.004209938800332876
0.004004999551071025
0.003813830411235706
0.0036358832864803172
0.42016227538808865
0.39888898879684037
0.009126318453183527
0.008509488640478293
0.007950486559042569
0.007442632810874032
0.006979991535895073
0.006557656156541106
0.006171009919800968
0.005816927259303621
0.005490677009987113
0.005190660446600498
0.004913331946668415
0.004657700485407397
0.004420376916356723
0.004200056080913507
0.003995561071537045
0.00380524922327726
0.0036280859222630243
0.003462284305736556
0.003307637959979422
0.003162582073739839
0.0030268190819061885
0.0028993157711684255
0.002779725402697012
0.00266684292589797
0.0025608057974173654
0.0024607378076583063
0.0023663312558312556
0.0022771490038290894
0.002192798642759655
0.0021130265188389905
0.43819982143316794
0.0034274414536156657
0.0032749012377665896
0.4239798907582707
0.40343957708510936
0.0083264409678128
0.38300353361373773
0.012206079473940677
0.011279872768316303
0.010450180374918565
0.009704326504771762
0.00903200264293575
0.00842414359537159
0.0078735565753796
0.007372203993968478
0.006915721724289719
0.0064987908502271855
0.0061172309502002635
0.005767003141969871
0.005445056322395682
0.005148362856422879
0.004874553573437927
0.004621377585802685
0.004386790273766088
0.004169150964926566
0.003967283014442316
0.0037784912530361187
0.0036029427014093248
0.003439186527528079
0.0032858226357822436
0.003142104532049616
0.4254439562989595
0.0049778593070838595
0.00471687567375672
0.004475266842152575
0.004251309776162348
0.004043231846608723
0.0038496880733747485
0.4179987866155541
0.3963260510123947
0.009593325389263939
0.008931491703821445
0.008333394677786496
0.38296312912750496
0.01221531954594683
0.011289056154327
0.010458447612043969
0.009710962868509327
0.009037983269718858
0.008429524983277913
0.007877945229233846
0.007376742798742091
0.006919818213693653
0.006502531902082739
0.39547152127036006
0.009750591553237096
0.009073351840645866
0.008461660313393387
0.007907487516121841
0.007403091999512277
0.006943937970547185
0.006524656283762557
0.006140804089429892
0.005788733377125078
0.005464992358564967
0.005166802787803271
0.004891721235673776
0.004637184462049687
0.004401616349484404
0.004183310255654291
0.0039794646525528
0.003790292795958979
0.0036141410189894038
0.0034495561940630524
0.0032952181376133005
0.003151100273394288
0.003016057733312351
0.002889196305635251
0.0027700356643110082
0.0026580812301419056
0.0025524153407045684
0.0024527857039005657
0.4336703239162323
0.003945370606390668
0.0037585701360900556
0.003584261334614877
0.003421508996858197
0.0032696420562986894
0.0031268256164872707
0.0029932449798691445
0.0028678519728336117
0.4285795478897486
0.0045700355539260076
0.004338829983828812
0.4132954063217746
0.006721225095076657
0.006320859813039669
0.0059540003213338685
0.005617039716478717
0.0053069816399657094
0.40480110296479427
0.38085721215541624
0.012657302967345458
0.011683505601872894
0.36374891512869695
0.01654628641438956
0.015137542582328512
0.013890630812792465
0.3528774847057123
0.01929673534471675
0.017559605323751806
0.01603158852039505
0.014682459822393553
0.013486843005707967
0.012423486914192497
0.011474863022089572
0.01062469598771061
0.00986143121402045
0.3737122410949249
0.34558517464385446
0.31502324418272
0.030618759749937885
0.0274012724795947
0.02462152496558308
0.022210678872612768
0.020109777552550945
0.018272744510584905
0.016660774395297225
0.015237547217502583
0.013979460258561085
0.01286185778497193
0.011866085403244844
0.010976076322844619
0.010177423264821395
0.009458397240407293
0.008810263222993959
0.008223468319613488
0.007690401657806869
0.007205747483350054
0.0067637805632918425
0.006359814928520149
0.39652442099491986
0.009554520629060375
0.37549996569304184
0.013818508484371063
0.012718823972859405
0.011738785994433816
0.3634634108633234
0.016615671874939817
0.015199462138034416
0.013945038351125814
0.012831374730252783
0.01183875271641651
0.010951240820926631
0.010155044745174053
0.009439203323016341
0.008791864313715968
0.008206588584253646
0.007676085556389614
0.007192410444625979
0.006752090376215152
0.006348589012454683
0.005979742251567028
0.0056403705333680125
0.0053284333543420215
0.40461811308025714
0.008124069617967158
0.007600498114993984
0.007123879090287792
0.006689184864206797
0.006291450182194027
0.005926979690418846
0.005592736491550932
0.00528404809452547
0.005000332233454978
0.004737380980921129
0.004494261711157679
0.004269004417590326
0.004059581942204176
0.003865058562860516
0.0036834783315483183
0.0035142056167398205
0.003356046832788635
0.0032081236910916702
0.0030694109742543576
0.0029393727752111496
0.0028172832304201832
0.002702317221748557
0.0025941722608412744
0.002492270634723382
0.002396046145817536
0.002305450623636332
0.002219381143818021
0.002138119058509143
0.0020611713503530357
0.001988299052556421
0.0019191040767803204
0.00185327873857007
0.0017908239866546898
0.0017313666232243467
0.00167481333227059
0.0016209337655422565
0.0015695400769623247
0.001520558821694565
0.0014737516576876421
0.0014290662984162757
0.0013863283656165048
0.0013454721663013534
0.001306362177636205
0.0012689146292453306
0.0012330309906279666
0.0011985925639700524
0.452879143055792
0.0019982041121053597
0.4398175803333691
0.4226011474359985
0.005361096847389962
0.005070980787010565
0.00480317999192494
0.004555224595203572
0.004325453042786599
0.004112115426403804
0.003913750418117926
0.003729105063795516
0.003556731458581005
0.0033958293151261625
0.0032453309634864896
0.003104329693120423
0.002972098795354872
0.002848179230448416
0.002731228872771934
0.002621501919022843
0.0025179544357810026
0.4328412189733027
0.004044161139221233
0.0038502174304315216
0.00366994269840512
0.0035014437369185383
0.42154877085262127
0.0055071639441300595
0.0052061798229561355
0.004927549045578881
0.004670376144694798
0.004432317878701872
0.004211380978631764
0.004006149933083632
0.003815022675742519
0.003636971893399637
0.4201469002881439
0.005705699032670957
0.005388565135330403
0.005096295579953073
0.004826394290973285
0.004576794636451317
0.004345528893601044
0.4132296790804645
0.3907017446154186
0.010657568972223516
0.009891116590702475
0.009200545480862823
0.008576666570460249
0.008011389698556174
0.38502833188487007
0.011787407511397528
0.010905782200224964
0.010113614925287624
0.009401227442744542
0.008758214472630409
0.008176257324492406
0.007647730072833492
0.007166918593171836
0.006728497128667978
0.3938238466245351
0.010058783737276372
0.009351686218219022
0.008713408549896278
0.008135491355894807
0.007610919023565311
0.007133415027061944
0.006697734970963034
0.006299389238075451
0.005934218822821866
0.005598897844957202
0.005290225183501341
0.005005545557030379
0.004742557908200798
0.004499201894217532
0.004273434194267154
0.0040638358384064
0.0038688442536001684
0.4178064851384714
0.006043115344546132
0.0056990024578096555
0.005382454362254985
0.005090672122499985
0.004821266816499279
0.004572026196758167
0.004341073915119162
0.00412667301591992
0.003927729593803569
0.003741619982548699
0.003568474624242489
0.003406778441430553
0.0032558064078388026
0.0031139464574770986
0.4257574034512672
0.004935883561160938
0.004678122526183692
0.004439458728999927
0.41235702923379586
0.006865281155298388
0.006452740655216111
0.006074895386321481
0.0057280996358797815
0.005409317944768979
0.0051153923730054675
0.004844060927607439
0.004593203147178969
0.004360602884056453
0.004144879177965922
0.003944198524510026
0.0037576014196608228
0.0035832381334726204
0.003420619034873561
0.42240681937281876
0.0053885650284659
0.005096238504053425
0.004826401893869438
0.004576765857253662
0.0043454567009476065
0.4132291091218394
0.39069920630959515
0.01065875703543916
0.00989145689050182
0.009200424551438352
0.00857671020298076
0.008011496360380137
0.38502421558111144
0.011787261131579208
0.010905075819683144
0.010113665355407414
0.009401104939919448
0.008758008304249042
0.008176114058371094
0.007648214763335284
0.3874313814920614
0.011301040837993031
0.01046913212945838
0.009721642596316004
0.00904770793334432
0.008438186470924036
0.007885793515152697
0.007383730309752076
0.3892222721813143
0.010946906926721725
0.010150816740140673
0.009434904816672729
0.008788586206014788
0.008203574422650323
0.007672642955662947
0.007189715558652997
0.006749175053214671
0.006346812243278662
0.0059774430706269616
0.005638650927022287
0.005326877294896816
0.005039374662901404
0.004774035592542979
0.004528082804029153
0.004300244920367989
0.4136537658475278
0.006666373212681282
0.006270287307205606
0.00590763021723495
0.005574516026908733
0.0052676255682848295
0.004984748700912377
0.40751979296828444
0.007640477905626067
0.007160400485198841
0.0067223724345909916
0.0063219791969851575
0.005955532368591246
0.39960659351091943
0.008996596258232405
0.008392082141256422
0.007844050460265725
0.3861261473281513
0.01156388473872691
0.010704837863067192
0.009933632036957634
0.009238842241645045
0.008611333696454766
0.008042975939064613
0.3848179595080884
0.011829198965788903
0.010943431506687164
0.010147309438884904
0.00943158130039545
0.008785959156582588
0.008200945539382613
0.38379879939254435
0.012039541188196902
0.011130985038976889
0.01031636526120337
0.3711232718320842
0.014803815094408373
0.013594562544155493
0.01251949919398658
0.359492927775372
0.017596690388065862
0.01606434737329096
0.3431638320830913
0.02193875660387274
0.019872709108610966
0.018065034460541973
0.016476796207990214
0.34141758319035576
0.022433563007638956
0.02030474618821129
0.01844353985838408
0.016809911963281274
0.015370185067354453
0.01409686716265308
0.01296648382736257
0.011959586045028923
0.011059320369374064
0.010252087611278056
0.009525982760011157
0.008870981877223941
0.008278641763204881
0.007740630678180807
0.007251649061058972
0.006805650516866892
0.006398144820483384
0.006024827992945924
0.3990574979931513
0.009092994430832682
0.37823483132844704
0.013215710294714286
0.01218196280858702
0.011258417282447232
0.010430875873740185
0.009686904790947262
0.009016363114889996
0.0084099933642612
0.007860188181876952
0.007360542158439122
0.0069049679463401206
0.006489013489227269
0.006108152253951825
0.005758685695459552
0.005437370191446194
0.005141415262632718
0.004868073549454165
0.004615431334812299
0.004381242037067826
0.004163979448179729
0.41493107500322657
0.006469937296887539
0.3957037951387316
0.009705240959550231
0.00903293246504715
0.008424905813314598
0.007873732089480277
0.007372760469331535
0.00691633743351931
0.006499343413281821
0.006117782836804891
0.005767370036555944
0.005445364965991831
0.005148758769862333
0.4061079941354876
0.007871516243517566
0.007370803184453206
0.006914438744245277
0.006497627924245933
0.006116106691989527
0.005765933375407298
0.0054452209988254075
0.005148460963207105
0.004874283568896414
0.0046205986674480275
0.004386948561585669
0.004168475982112514
0.00396620631948081
0.003777947888966232
0.003602364573387991
0.003438479276125196
0.003285209289345188
0.003141685222430474
0.003007146111200257
0.0028809455955127765
0.4284170691723437
0.004588970962068321
0.004356794909673833
0.0041411986582996
0.003940894154287643
0.003754430534777284
0.003580333686465748
0.003417874171300615
0.42243200919413126
0.005384416353797549
0.005092503144071914
0.004823058826509282
0.004573570526001525
0.0043425971404497474
0.004128064275156385
0.003928566457803878
0.0037428509093744306
0.41906289911174965
0.0058600188467794
0.005530561097409677
0.4029700114145816
0.008406802552893068
0.007857325790857005
0.007357855296769451
0.006902755454977951
0.006486821333422741
0.006106137326653229
0.005756939572171221
0.4011380028206539
0.008721576002129092
0.008142898009185528
0.007617561904004844
0.007139450743255967
0.006703316286328238
0.006304457318583435
0.00593891895741783
0.005603168278559694
0.005294250902576219
0.00500925253946783
0.00474611472756639
0.0045023557297515894
0.4117674218087722
0.006954941790844884
0.006534614183362395
0.3952335110742339
0.009794049208367133
0.009112947772205813
0.008497471632922762
0.007939576579379833
0.007432740234613783
0.006970923823116607
0.006549315228664534
0.00616344263179554
0.39799411018764386
0.00928408985639499
0.37708302533297233
0.34934168696692686
0.020237253205571244
0.018384524860281325
0.016758015849180723
0.015324468206967928
0.014056235353941451
0.012930326695959917
0.01192726699035741
0.011030611956785893
0.010226124157043513
0.37161835189117703
0.34327924609633287
0.021906128784582264
0.3205965689562094
0.028770421644726943
0.025805930457242096
0.30760932688517617
0.2756287099307119
0.243895365391058
0.21361463553946322
0.07627766321523442
0.06627829391602184
0.05779504918642275
0.05059763477901333
0.24618575886286748
0.058847762125014705
0.051490861356830495
0.045243801746682764
0.039927501165489696
0.26931787862827444
0.0481589894463052
0.042410120999488814
0.2635880773552371
0.050687796385936304
0.04456114582001805
0.03934575660149273
0.03489293376260846
0.031077972551269147
0.027797368474441937
0.024964249388674652
0.022508085917572446
0.020369716140307553
0.01850036760948631
0.3332106509066198
0.02483157575681618
0.02239284368554244
0.020269091964847677
0.0184126410934158
0.016782438351090345
0.01534599914411895
0.3462521562905797
0.3157389714707085
0.030365508206172995
0.027183103665572715
0.024432425907124924
0.022045732150080797
0.019966334849942115
0.018147038845436843
0.01654885531038166
0.015139726825837514
0.013892695766672814
0.012784702633910325
0.011797248636662884
0.010913981370222285
0.010121508955749101
0.009408425502531946
0.008764640666903259
0.008181825463719898
0.007653057610839495
0.38738397522160406
0.011308130426645241
0.010475508092279038
0.009727084937110844
0.009052599477065933
0.008442821515755051
0.007889991708105882
0.007387598293365533
0.0069298274709966665
0.3923648361545774
0.010332232446806325
0.37103144646184777
0.014824293271757095
0.013612687995631671
0.012535663326004502
0.011574562765644395
0.010714489926470224
0.009942133995906419
0.00924663608228031
0.008618427287086741
0.381121574575555
0.012591160229423422
0.011624404460505808
0.010759102429337046
0.009982323460740577
0.00928286110054653
0.008651139680024829
0.008078926949589562
0.00755946910735058
0.007086569695633148
0.3912653141871427
0.010544968362371775
0.00978969608103028
0.009108988196998574
0.37811685968156317
0.0132361851641459
0.01220025250469137
0.011274784954183164
0.01044556691030693
0.009700070416866999
0.00902813582273735
0.00842066871315712
0.007869899336749957
0.007369256336637414
0.006913067474462013
0.006496462345659379
0.006114961942937589
0.0057649362943579625
0.005443164480121088
0.403663608321454
0.008284357143503457
0.007746116200711589
0.007256574041461389
0.0068102176622403116
0.006402325243852462
0.006028798645810085
0.005685815570683626
0.005370176231107652
0.005079334543782244
0.004810856322895372
0.004562319768300775
0.0043321058665373455
0.41334088326833923
0.3907984350405355
0.01062752962345623
0.009864012482287798
0.3736812644307857
0.014219696398480738
0.35130995840447143
0.019699492591424603
0.32859842505026154
0.026230714111458706
0.023607252892700534
0.021327740213666582
0.01933889522813276
0.017596704451109686
0.016064457170004084
0.014711261142056632
0.013512552888896447
0.012446287110438287
0.011494760090505471
0.010642933816994797
0.009877785810052773
0.009188676525996246
0.008565817799539634
0.008001666484699715
0.007489153800314817
0.38848915732625
0.011088154368354705
0.010278033692180165
0.009549428629495623
0.008892056798724252
0.008297388643486161
0.38317282107094924
0.012167119985975975
0.011245273964771535
0.0104190463683815
0.009676361929307027
0.009006626969855784
0.00840122612751777
0.007852219509769004
0.007353186676839332
0.006898424713497776
0.0064830059396761295
0.006102746297575888
0.005753662231318625
0.005432711477725306
0.005137059018537442
0.4062051807864701
0.007855002476730936
0.007355927194063927
0.006900724331734978
0.006485097999436594
0.006104601854641243
0.005755469320269077
0.0054343325880717545
0.005138611997458781
0.40618082922538995
0.007856826470498235
0.007357530556791607
0.3893860302691699
0.36314667437041687
0.33396941529714486
0.024595943285258413
0.022188132594367953
0.3196050426592227
0.02909139393226969
0.02608318768826204
0.023479516963006663
0.02121643718770835
0.019241503505923095
0.01751098317546165
0.33713277035650235
0.3060636916451254
0.03369411391256985
0.030048385827028564
0.026909486751796562
0.024195564957563274
0.021839766429436424
0.32077860025425364
0.028692253265414205
0.2987783672430944
0.03631769832970816
0.03230021773951809
0.028849800102654297
0.025874280995439522
0.023298264716499248
0.31578544030527644
0.030348990871944103
0.027168409298266166
0.024419958410980585
0.022036401963626787
0.019956687534570097
0.018138868807118624
0.016541652477315715
0.015134101971695823
0.013886846077116608
0.012779657242145926
0.011792785646479589
0.010909860399443833
0.36779325679563946
0.015562404812267693
0.014267213302903434
0.013117849818721532
0.012094510909150544
0.011180165937803794
0.3663739754663809
0.015907817152360913
0.014572933751991427
0.01338959163301254
0.012336787290419121
0.01139697584083595
0.010555235099920143
0.3697455430657857
0.015108980465580263
0.013865256878717659
0.012760448465525986
0.3582668154412118
0.01789635925974828
0.3355628051010925
0.024119002972296417
0.021773151378918325
0.019728134014339455
0.017938097574857956
0.016365003430058978
0.014977291762054146
0.013748463026249096
0.012656439233798805
0.011682700694091051
0.010811417858981643
0.010029244796799017
0.00932519297802147
0.008689356383243252
0.008113782244316433
0.3843305456569162
0.011922723410747538
0.011026358967017579
0.010222621485329625
0.009499336964087586
0.008846844952296531
0.008256490078796535
0.007720804990318456
0.007234075813515359
0.006789126200430275
0.006383038346064956
0.006010976372906938
0.005669455077227562
0.005355169752212892
0.005065640559574138
0.0047980232881184035
0.004550517455018033
0.004321056853407513
0.0041080969411424265
0.003910008169689786
0.0037256655699091402
0.0035534718551981062
0.0033928256176660346
0.0032424198530722104
0.42430889294777363
0.005125799052025342
0.4062816837484134
0.007838823442323655
0.007340932545306024
0.3894667081581721
0.010887832713404677
0.36792271382930386
0.015534629312878717
0.014242617046111548
0.3511850544055902
0.019726627935742577
0.017936832707988463
0.016363814129017214
0.014976261886238433
0.013747714862126916
0.3534945874919886
0.019118878113391777
0.017403477190083203
0.015893972165705955
0.014560611494976705
0.013378981160228523
0.012327011111483804
0.011388167249253966
0.010547372430425608
0.3697875254745161
0.015098915957809118
0.013856448444810735
0.012752483527308107
0.011768421018022604
0.010888199678947493
0.010098353747459838
0.009387449560922037
0.008745788529996015
0.008164934597200774
0.007637644408577405
0.387463620972719
0.011286646545938774
0.3657365169712194
0.016040765285286505
0.014690545274116179
0.013493992247066353
0.012429835873412435
0.01148010086705463
0.010630003964420718
0.00986598548986786
0.009177875247196864
0.3776566677268385
0.013325011736977883
0.35550829451392696
0.01859732350300781
0.016945214933480834
0.015489581541887463
0.3455352191110359
0.021241547395418767
0.32286433093791694
0.02800659900720054
0.02514521176558909
0.022665328736269162
0.020506752237189448
0.01862050125168744
0.016965450964272523
0.015507581137730013
0.014218587507479851
0.013074672570168052
0.012055976358973975
0.011145915891592143
0.0103297281607185
0.009595904139606475
0.008934223775130385
0.008335480602503326
0.007792498805238202
0.007298823683406788
0.006848827532052046
0.006437643090847624
0.006061048173051616
0.005715448310103963
0.005397586031214308
0.0051047059235931926
0.004834120806195683
0.004583938120900369
0.004352102884269971
0.004137787826540484
0.4151386552764213
0.3928847302044825
0.010208386433696514
0.009486487263049076
0.008835217267863656
0.008245930277191083
0.007711149652860728
0.007224787522132436
0.006781177235914044
0.006375779264196481
0.006004317401465372
0.005663341806020389
0.4018326452052643
0.008590552300746328
0.008024201865477691
0.3848732931641154
0.35802408588276313
0.32843529335646815
0.026251233723148384
0.023625189554319633
0.02134329501031868
0.01935248401410731
0.017608483669624208
0.33660988296083527
0.30554504588717385
0.03382747412824389
0.030163082971653023
0.027008215336870502
0.0242814139402374
0.021914724010709444
0.019851355052470588
0.018046155020438326
0.016460151465774973
0.015061813891672092
0.01382305447478655
0.012722861213157867
0.011741962566234042
0.01086449944258235
0.010077074405474593
0.009368221441049077
0.008728332700484951
0.00814901303691488
0.007623182468514479
0.007144555530234063
0.006707977683194666
0.006308731182952402
0.005942832251152175
0.005606755921877976
0.005297471168367364
0.0050123922279928495
0.0047489393905903975
0.004504887995586823
0.4117194753132086
0.00695822407749427
0.3921006863461688
0.010369675147082643
0.37068383299922064
0.014868386117186045
0.013651998403367529
0.012570437228461412
0.011605595397486271
0.010742298848775643
0.009967223817979076
0.009269171293618195
0.008638737079790364
0.008067830884444693
0.00754927628072633
0.0070775137645337875
0.006646503840742142
0.006252574307533483
0.3972366703329151
0.009404965274092953
0.008761536849925162
0.008179143988288184
0.0076505042289598075
0.007169694300502601
0.006730841737904032
0.00632961356162944
0.0059620019249450994
0.0056243430059125
0.005313687898560747
0.005027226318732581
0.004762590538574733
0.004517679006614797
0.004290643160924581
0.004079808863431678
0.003883698307545749
0.003701071343975225
0.0035305898607378328
0.003371343542120675
0.42289012976976614
0.00531556587235235
0.005028901267107069
0.004764153902022263
0.40932941958090574
0.007326217740587132
0.00687391347220443
0.006460467653707753
0.00608198356084706
0.005734873259413295
0.005415280734381709
0.005120961667538053
0.004849289074189113
0.004598147632491467
0.0043652259371411055
0.0041489619960585105
0.00394806548255339
0.0037609861231812
0.0035865740385199367
0.003423683810016191
0.0032713703767946025
0.0031287978994288005
0.4255062757884544
0.004956763797971032
0.004697427614411296
0.00445738733839906
0.004234598575252909
0.00402771688828844
0.41610905190970665
0.006271166272874173
0.0059083678568894425
0.3997944497265253
0.008928641962982412
0.008330521851948646
0.007788246565407674
0.007294765665005675
0.3896504750474653
0.010822441710873475
0.010039280497348332
0.0093341552183237
0.008697504726221706
0.008121294069167128
0.3842168132522765
0.01193094247130084
0.01103613294610855
0.3670967804344078
0.01571941618394206
0.014406148202511905
0.013241526104011863
0.012204665822824576
0.011278759215456298
0.36577572658842544
0.016030842291623538
0.014681791181929617
0.013486234593831768
0.012422997011849969
0.01147389784182922
0.010624213960889322
0.009860961068333092
0.009173379395423948
0.008552183148487226
0.007989157175223874
0.3850407715080249
0.011754714521658946
0.010875947989985469
0.010087490424269535
0.009377594190783491
0.008736682744756233
0.008156604832514567
0.007630042936896104
0.0071509657318769865
0.006713839265754927
0.006313989282049219
0.005947634556433504
0.3995341948427772
0.3746553673409097
0.013936924724528283
0.012827233528528248
0.01183231550803406
0.010945443268634157
0.3675267424382319
0.01560601650733047
0.014305512787421995
0.35081417298740797
0.0198010643123148
0.018002062679727784
0.016421366556750024
0.34132584545715006
0.022354816965269152
0.020235983740378584
0.018383318850997605
0.016756837064179853
0.3400285235895434
0.02275954176895077
0.020589056000317893
0.3250315935278565
0.02724826518063506
0.024489385793430407
0.022095041305415574
0.020009402536397224
0.01818479433542967
0.016582091703170026
0.015169203968597717
0.013918575636073426
0.012807871852471085
0.011817973722740455
0.010932479643383767
0.36755127773049984
0.01558819061879819
0.34493575830754714
0.021354450520321054
0.019361757933757523
0.017616862101101166
0.33673865531184066
0.02379083067392162
0.021487525706830084
0.019478818034671413
0.017719174477172077
0.016172171583627163
0.3423869771801054
0.022056198639388992
0.019975945405736776
0.01815487611128562
0.016556108828307183
0.01514595470828956
0.013898070219162048
0.012789808563568076
0.011801645327573607
0.010918092807248826
0.010125036601834425
0.009411574650043417
0.008767627266609174
0.008184656265721946
0.007655444301797123
0.00717390222581852
0.0067348721130245015
0.006333261773280455
0.005965335419497037
0.005627483445855071
0.005316653146686527
0.40460381145540425
0.008105479676808991
0.007583478482625433
0.007108442447115134
0.006675147106787118
0.006278579121276726
0.005915262013453635
0.005581355804045166
0.00527398732944533
0.0049906720716861004
0.004728803075295238
0.004486333381483834
0.0042615488078937645
0.004052896237168281
0.00385857781819371
0.4177077898368126
0.006025094601659781
0.005682465777874459
0.005367257466903639
0.005076551655651965
0.0048082473318282765
0.004559939691535545
0.004329880377764356
0.004116332421403481
0.003917592809223038
0.0037326117974856073
0.003560083994313981
0.0033989297066307207
0.0032482148179785513
0.0031070204722001282
0.0029746448613626494
0.002850442809418756
0.0027335280274956475
0.002623605875472029
0.0025199595892614365
0.0024222310262918736
0.0023299532601150884
0.0022427485938194412
0.002160252578422204
0.002082200952212553
0.0020081503361844073
0.00193795893427444
0.0018713985577777776
0.001807824309463389
0.44254041032674185
0.002956087096434702
0.0028329148711121904
0.0027170342529518024
0.00260803039166747
0.002505340056134064
0.0024084231426980346
0.0023169325930119185
0.0022305305370303404
0.0021486358149210736
0.0020710808455982463
0.00199762281918503
0.0019279283965125767
0.0018617665633622617
0.0017988534886580825
0.001739039558296248
0.001682107363592079
0.0016278722500284238
0.001576186231353431
0.0015268656702239435
0.0014798435757572218
0.0014348365103608457
0.0013918499665474839
0.0013508045272439513
0.001311454781514244
0.00127377888826869
0.001237641257558314
0.0012030421162055847
0.0011698760506339704
0.4533059324526617
0.001951456357731596
0.0018840902137577025
0.0018201786672251963
0.0017592762738830204
0.001701357909624934
0.0016461994031913396
0.0015936505647468442
0.0015436110662264096
0.001495785934264783
0.0014500411596162512
0.0014063967290204333
0.0013646657834151677
0.001324734874687296
0.4504657131913912
0.002198327273993921
0.0021182293760430007
0.002042231219296789
0.001970256237417367
0.0019019519069721962
0.0018374621515525823
0.0017753921957455942
0.00171670703053174
0.0016608315667996966
0.0016076511792061572
0.0015569056564553388
0.0015084496348375194
0.001462173136907796
0.0014179938987409196
0.448712980482094
0.002345016911426003
0.002257064346492461
0.002173804049593264
0.0020949266461369066
0.002020268604849647
0.0019494131139876285
0.0018821583280745676
0.0018182471122132893
0.0017574890260940057
0.4432331668503973
0.002877039383778942
0.002758700123706575
0.0026472083277143048
0.431126799460548
0.004237568597899064
0.004030430157521315
0.0038378109137829786
0.0036581509412453726
0.0034905620308270414
0.003333963500079415
0.003187430517644198
0.0030499816278159037
0.002921169662671249
0.0028000558815996883
0.00268616088091897
0.0025789564693407215
0.43184976903958006
0.004133473305094961
0.003933589690605768
0.41702323886859965
0.006135098743104191
0.005783445605125369
0.00546011091323821
0.0051624169067342185
0.004887458268812167
0.004633280150760917
0.00439808988907613
0.004179413073519566
0.003976445302386256
0.0037874322586245535
0.0036111935314178437
0.42021854958879684
0.0056654275189566405
0.4015924673224307
0.37715658218874054
0.013365455168960887
0.012315250012970416
0.011377752110178522
0.010537864482327226
0.009783345542881837
0.009103281491955445
0.008488642093274065
0.007931592069309101
0.007425433143589888
0.0069644637339719775
0.00654345440221344
0.006157854029696623
0.005804431637590648
0.4004445492353779
0.008781616011562219
0.37988345161399334
0.012800273521100724
0.01181106673651948
0.3625114606577696
0.016688843898641573
0.015263399743048198
0.014002418780577851
0.012882256245906146
0.011884258336662963
0.010991976878578067
0.010191592926209522
0.009472155148790653
0.008822154548113362
0.008233585407374216
0.00770006965589011
0.007214668498046746
0.006771961458027662
0.0063672396969095026
0.0059965585591776225
0.005656174813812399
0.005342935728709881
0.005054305391410304
0.004787556429212004
0.004540966088608381
0.004312174921605567
0.0040997512493497115
0.0039022787496306973
0.0037184268393544986
0.00354677459635044
0.003386464008486939
0.0032365120826879502
0.0030960774277692562
0.0029643807840150026
0.002840754954647745
0.0027244679939330586
0.0026150218980622755
0.0025118624888956853
0.0024146140230736067
0.0023227601226508874
0.002235984150998179
0.0021538601023323887
0.002076042502023082
0.002002387076345573
0.001932417137652276
0.0018659830978025814
0.0018029392513241494
0.0017428857466138018
0.0016857726359840847
0.001631432654270802
0.0015794876773168735
0.0015300843870251757
0.0014828412409328253
0.001437718376225711
0.001394692596490139
0.0013533868645526598
0.44982826496735295
0.0022427082602668523
0.0021602496434673553
0.002082099065804432
0.0020081275803863286
0.0019378852852427796
0.440300496513885
0.003154396267196882
0.00301908050417885
0.0028921153034892145
0.0027727667878924885
0.002660521848798443
0.0025547715344838573
0.4320531899115159
0.004096080436012806
0.0038987178319210745
0.0037150935780876537
0.0035435984367149617
0.0033835778383174715
0.0032337788395841683
0.003093528591776886
0.0029620377646880436
0.0028385193826716785
0.0027222984862982354
0.002612990072160644
0.002509983612047593
0.002412864022829795
0.0023210927005299854
0.4351867537830755
0.003743422223579887
0.003570081651362285
0.003408394403668099
0.0032569423785262066
0.003115221197981356
0.002982407726910522
0.0028576324824671198
0.002740299818240149
0.42987907204633036
0.004376291578038827
0.004159416147137472
0.003957814187316874
0.0037701105477691028
0.0035950064508300846
0.0034316482282174096
0.0032787581311177825
0.0031357228581725227
0.003001517575256118
0.0028755945226349063
0.0027572696766929457
0.0026459230492878127
0.002541055190038883
0.432257050185508
0.004075404366040618
0.0038796559144118484
0.003697233261699136
0.0035270491540706876
0.0033680729306228255
0.003219271973463929
0.003079984337850153
0.0029492147829189006
0.002826473194164667
0.0027110888440089326
0.0026023822994718634
0.002500013671228873
0.0024033808135788754
0.0023121663279642352
0.002225933469529768
0.4366563646796419
0.41843402346532915
0.005903712125309526
0.005570763243902579
0.005264508028874832
0.004981724224756211
0.004720496835826817
0.004478684979068454
0.00425452857738356
0.004046161577079261
0.003852388092349553
0.003671794665996346
0.0035033085275521392
0.0033458747841151426
0.0031985395821885177
0.003060470733979111
0.0029310037015568237
0.0028093251061885416
0.0026949147425289264
0.4300954450914045
0.004304144517040326
0.4133502898878784
0.006667469190060124
0.006271687707304271
0.0059088404346697284
0.005575533139526865
0.0052686480099396185
0.00498572266474466
0.004724170916041514
0.00448212803515068
0.004257645634431423
0.004049102895935623
0.003855107982633915
0.003674375504448322
0.0035057492876636397
0.003348113969797611
0.0032006254307561026
0.0030624123023461117
0.002932785778788215
0.0028110014017779495
0.0026965033767854356
0.0025886910047161044
0.0024871122062847836
0.002391202469844322
0.0023006619388870257
0.0022150632832442473
0.0021340187745022164
0.002057309301020562
0.001984560486323562
0.001915526272159021
0.4410232384516449
0.0031235429834130597
0.0029901302269834157
0.002864988383820461
0.002747234726522101
0.002636473411192247
0.002532127960475344
0.002433716016435
0.0023407885816156744
0.0022529760098898644
0.0021699717437222064
0.0020913466824667936
0.0020168180799136717
0.0019461343590534003
0.0018790266890037217
0.001815295029517611
0.0017546864966635413
0.0016970259329294629
0.0016420826979090559
0.0015897080971766465
0.001539781493245079
0.0014921377916111438
0.0014465994086754808
0.0014031321265329888
0.0013615421285178473
0.001321733934643457
0.0012836299871145313
0.0012471127666767873
0.001212133231082481
0.001178567956538642
0.0011463644724859622
0.0011154415938145162
0.45448361701459644
0.001865199865572911
0.0018020927371794828
0.0017421292334821824
0.0016850599999286904
0.0016307010137530408
0.0015788556014346765
0.0015294517803531374
0.0014822384508505909
0.0014371781488114195
0.0013940732537166035
0.0013528837869723617
0.0013134543351096687
0.001275701277740016
0.0012395208950665244
0.0012048313389889564
0.0011715540310675433
0.0011396137753821934
0.0011089847094558562
0.0010795262684843419
0.0010512154480741996
0.001023979018805802
0.0009977769916518203
0.0009725725012982632
0.0009482816045017158
0.0009248703468913591
0.0009023188821920597
0.0008805510690217151
0.4593966614603017
0.0014860658610533965
0.001440828968264022
0.4482028470942293
0.0023801467451455604
0.0022901535931603733
0.0022051230395738627
0.0021246453673439258
0.0020484399333745933
0.0019760740989936353
0.001907507111562256
0.0018423380639072773
0.0017804133679830678
0.001721505298400605
0.0016653603954055799
0.0016119488435832484
0.001561018759404696
0.0015123726556866793
0.0014659665049017044
0.0014215980882943532
0.0013792002168709356
0.001338650792704985
0.0012998018095408876
0.0012626359894743514
0.001226995014809229
0.0011928335026028902
0.0011600446871125817
0.001128581245563349
0.0010983451856083595
0.0010693373058847553
0.001041394876164589
0.0010145377569351812
0.0009886901946111095
0.0009637951792113662
0.0009398416826154946
0.0009167504746157437
0.000894478957252291
0.0008730177932391625
0.0008522810275203959
0.0008322951508258901
0.0008129755212785866
0.0007943372332477593
0.0007762934562071206
0.0007588719713024261
0.0007420117380611081
0.0007257011528790483
0.000709935808077996
0.4634166263205557
0.0012071748429259043
0.0011737953079585881
0.4531184941865324
0.0019570529200531985
0.0018894090864622613
0.0018251536708313073
0.0017640450700625284
0.001705923060506743
0.0016505573791816268
0.0015977990931049346
0.0015475194169130293
0.0014994787113274488
0.0014536748949741452
0.0014098604378592738
0.0013679759569966532
0.0013279170788353762
0.001289521562378139
0.0012527623960782049
0.0012175447621589639
0.0011837589625759003
0.0011513669531890412
0.0011202177847976663
0.0010903248602505517
0.0010615960358687261
0.0010339756696949266
0.0010073992907919935
0.0009818309513732163
0.0009571985445722363
0.0009334555846232694
0.0009106131425953153
0.0008885577254617872
0.0008673097085717615
0.0008467691777382009
0.000826959933322446
0.0008078408695792635
0.0007893494185561948
0.0007714910417404624
0.0007542139926770066
0.0007375068085785079
0.0007213553116373439
0.000705723666098473
0.00069058605315884
0.0006759041062156608
0.0006616946855147782
0.0006479279340939901
0.0006345947068344184
0.0006216293599092905
0.0006090703785319878
0.0005968858436305466
0.0005850671025272927
0.0005735839239337764
0.0005624319732448489
0.000551599004237835
0.0005410721079886508
0.0005308484567210163
0.000520901788517281
0.0005112274101439264
0.0005018314421732932
0.0004926836656287795
0.0004837760059252685
0.00047509189568769054
0.0004666710773610369
0.00045843358782849124
0.0004504422895611104
0.00044264015479158374
0.4708211123734571
0.0007629718305815404
0.0007459884317901404
0.0007295522387520329
0.0007136384703355526
0.000698253776241389
0.0006833498148828791
0.0006688994401035189
0.0006549129659883633
0.000641352654147118
0.0006282058071091222
0.000615452258961627
0.0006030759206448103
0.0005910628503654326
0.0005794104275008963
0.0005680878308645082
0.0005570933765498715
0.0005464280553435985
0.0005360390170114352
0.0005259498450904564
0.0005161407057566361
0.000506604516817829
0.0004973236651697199
0.000488295238727778
0.46923578421431433
0.0008388189987337714
0.0008192744831261234
0.0008004034745277816
0.0007821784388175191
0.0007645541306971151
0.000747513623802134
0.0007310292093719992
0.0007150797923779232
0.0006996485114734643
0.4636793247724801
0.001190268729458226
0.001157574334713745
0.45337365847840544
0.0019307838183143123
0.001864456472082173
0.0018014306446415553
0.0017414825698369267
0.0016844411928758074
0.001630110113481895
0.001578301255705091
0.0015288760462982961
0.0014817284368647849
0.0014366729957799177
0.0013936040728096814
0.4489885875761581
0.0023054432306855496
0.00221958653377629
0.0021383438765667693
0.0020613772176638684
0.001988430899707569
0.0019191798764554705
0.001853421764786407
0.0017909554112177989
0.0017315053526309355
0.0016749366799019758
0.0016210641711958949
0.001569689205991098
0.0015206513974073015
0.0014738678445715616
0.0014291727849722901
0.0013864661067972581
0.0013455759283769251
0.0013064481734774427
0.0012689849660461796
0.0012330816054721822
0.001198678182014666
0.0011656655879004139
0.0011339564940087085
0.0011035130345667503
0.0010742951507701826
0.45528819225777895
0.0017990122295834347
0.0017391974911956432
0.001682257016083822
0.0016280131476082563
0.001576310730230853
0.0015269926933317603
0.0014799097590871698
0.0014349552922860655
0.001391964809535543
0.0013508581622523278
0.0013115093403411032
0.0012738503857755053
0.001237758050781591
0.0012031305223694116
0.001169938516451918
0.0011380587907950678
0.4540440822167309
0.0019014885415595336
0.0018366254377980068
0.0017749549754835544
0.0017163043202846455
0.0016604547062039684
0.0016072281053119738
0.0015564988093552377
0.0015080961308488617
0.0014618374859581714
0.001417686352149429
0.0013754540114444991
0.0013350728623636446
0.0012963912292233712
0.001259351350377474
0.0012238534204582637
0.0011898200188470895
0.0011571543078738634
0.0011257944460149447
0.001095684201532655
0.0010667476418877349
0.0010389246224080228
0.0010121611554681992
0.0009864290634147646
0.0009616055228998974
0.0009377198463577492
0.0009147153837444041
0.0008925092475205079
0.0008711046599456614
0.0008504572916192115
0.0008305224635836269
0.0008112709580459233
0.0007926689186132828
0.0007747019188047152
0.0007573179978534182
0.4620852700803058
0.001284095420847486
0.0012475887780898501
0.0012125598492840964
0.4526157506463922
0.002020544876956048
0.0019496592755577735
0.001882406605950085
0.0018184751335250282
0.0017576964250679203
0.001699912380101941
0.0016448246155226266
0.0015923314379212984
0.0015422687695017018
0.0014945049372164624
0.0014489018661261667
0.001405291261811557
0.4487788569564448
0.0023238094607293384
0.002236937364208139
0.002154748475760717
0.00207693795245854
0.0020031497175879483
0.0019331710556741689
0.0018667505980945922
0.0018036071362665966
0.0017435608551491068
0.0016864112513072813
0.0016319751757169275
0.0015801002834614553
0.001530600383883427
0.001483368147581667
0.0014382336378341248
0.0013951173216795267
0.4493143807476277
0.0023104055088115317
0.0022242804519734594
0.002142766897270799
0.0020655707727392295
0.001992382812844068
0.0019229388938986655
0.001857034630904272
0.0017943587973644033
0.0017347690961839364
0.0016780435985640325
0.0016240104096047435
0.0015724824111498102
0.0015233542140468375
0.001476423031555153
0.0014316342726036985
0.0013887917718524516
0.0013478102824707023
0.0013085943796479738
0.0012710390939153133
0.001235057582746748
0.4521990360340939
0.0020564121131721826
0.0019837073489861762
0.4400320040508155
0.003228798735183002
0.003088829562299725
0.426047025948521
0.40591240310959187
0.00790834778062287
0.007404263147993236
0.006945026760166743
0.006525624169137655
0.006141705251653461
0.00578950652482356
0.0054657418022903085
0.005167512865138345
0.004892252939247576
0.004637742889330575
0.004401987211440138
0.004183255141084553
0.003979929284996882
0.003790696284139104
0.0036143155725714125
0.0034495891376779076
0.0032956146829833965
0.003151452362451516
0.00301632684191264
0.42685471132761743
0.004790892351851678
0.004543905948612235
0.004314972134173098
0.004102396685018728
0.0039047237587555884
0.41745780285559
0.006095422822214511
0.005747033873156627
0.005426675673081641
0.005131425204003016
0.40627891628125956
0.007847641260785444
0.007349053466119206
0.006894664861597737
0.006479524250421988
0.0060994341676116354
0.005750702554054825
0.005430013490327931
0.005134545625942007
0.004861807516475227
0.004609569672195512
0.004375864971453121
0.004158982141118474
0.003957395977837411
0.0037697042495064875
0.003594680638084704
0.00343124704086446
0.003278486358628679
0.0031353982799404954
0.0030012623246333052
0.0028753528564276825
0.002757018690143733
0.002645697223239752
0.4312536459833413
0.004236592574721928
0.00402959867316625
0.0038369145616150772
0.0036573977192753816
0.0034898888319553935
0.0033332782937863592
0.0031867309101140814
0.0030494159303948755
0.0029205586935708034
0.0027995529558297407
0.42939461350999797
0.0044675627320453545
0.0042441460931307365
0.004036552880813803
0.0038434366746748607
0.003663477125934681
0.0034955580182256807
0.0033385828035688717
0.00319169829269588
0.0030540744820066437
0.002924968896109568
0.0028036507437094074
0.0026895758711441924
0.0025821570981030347
0.002480914053638244
0.002385399933423995
0.0022951459621227783
0.002209829634038488
0.002129098582349998
0.0020526303699653294
0.001980109752065419
0.0019113202327204783
0.4410761852781496
0.0031169695845455845
0.002983979385051136
0.002859107914804185
0.002741776310579884
0.002631294774606629
0.002527277876800851
0.002429130800315878
0.002336474053366378
0.00224890948302031
0.002166083616937903
0.0020876664123254942
0.002013366361484485
0.0019428550063654265
0.0018759230230432382
0.0018123411805554576
0.0017518816960235433
0.001694330091012155
0.0016395061244988732
0.001587280578016885
0.0015374373384158025
0.0014899086105468046
0.0014444828781452067
0.0014010798656955298
0.0013595777160232208
0.0013198719913212436
0.0012818512236044983
0.001245403738490197
0.0012104860130532117
0.0011769802595731
0.0011448405418427877
0.0011139726050001999
0.0010843164251637142
0.001055824912862749
0.0010284188048169578
0.0010020691334851584
0.0009766730114978495
0.0009522325404219071
0.00092868924766247
0.0009059991501707492
0.0008841094500192402
0.0008630052425512173
0.0008426431073061159
0.0008229696157021694
0.0008039742679463827
0.0007856210353597027
0.0007678919164463167
0.0007507412600804001
0.0007341505867241554
0.0007180913299890151
0.0007025573086178698
0.0006875129219206675
0.0006729432029591398
0.0006588379458575169
0.0006451508331087543
0.0006318809411001094
0.4654268334983508
0.0010784997231752657
0.0010502341427380735
0.0010230451919458789
0.000996883976666439
0.0009716943241321992
0.0009474367534838199
0.0009240630953182736
0.000901537628769739
0.0008798250053423382
0.0008588606836161234
0.0008386312022413073
0.0008190954269196407
0.0008002460771381122
0.4612339687384515
0.0013551754601637401
0.0013156360783635253
0.0012777834236160203
0.0012415169503789407
0.0012067651425096782
0.0011734192427216026
0.0011414252113962882
0.001110694168895662
0.0010811593476792046
0.001052784254474763
0.0010254954291229802
0.0009992422173745752
0.0009739779649024509
0.0009496288276539358
0.0009261781009184995
0.0009035696157288802
0.0008817799575841839
0.0008607614812332875
0.0008404598028570932
0.0008208757525925464
0.0008019476713764838
0.0007836625906566403
0.0007659942046393755
0.0007489012375258393
0.0007323846933772333
0.0007163887325707177
0.0007008950913224713
0.0006859124207066881
0.0006713837116517638
0.0006573177045761382
0.0006436860230765672
0.0006304626227858362
0.0006176327423369835
0.0006051981301360678
0.0005931396091885259
0.0005814125315388028
0.0005700374741791414
0.0005589880389217385
0.0005482535015419648
0.0005378294246748988
0.0005276828259706758
0.0005178272253965583
0.000508248384073339
0.0004989187666033737
0.0004898418794240955
0.0004810203419803849
0.00047242443184934756
0.0004640503206154486
0.00045589726894863634
0.00044796308354072296
0.0004402233512757356
0.4710116876892913
0.0007593249302885668
0.0007424604015771277
0.0007261389886275737
0.0007103457671647785
0.0006950664221677904
0.0006802474726765472
0.0006659054275584055
0.0006520043953540873
0.0006385286147395672
0.0006254658857982241
0.0006127934033964687
0.0006004943427412866
0.0005885662393399426
0.0005769823791763392
0.0005657444519473483
0.0005548068086147302
0.4675530934297543
0.0009507711711852861
0.0009272788095100756
0.0009046287171584013
0.4588635051456486
0.0015251646981269313
0.0014781677834308686
0.0014332826867687915
0.0013903583800851567
0.0013493261301450467
0.0013100576341582536
0.001272431916860781
0.0012363891967009963
0.0012018366680670994
0.0011686978920439988
0.0011368854823767581
0.0011063246413499839
0.0010769737954301878
0.001048763652480313
0.001021623413521351
0.0009955134515288037
0.0009703795570153024
0.0009461626952999722
0.0009228472763971421
0.0009003683881061651
0.0008786841564811928
0.0008577615780357568
0.0008375750631983371
0.0008180786568107554
0.000799251452458023
0.0007810580856576321
0.4616849193881486
0.0013238082221120936
0.0012856064951077978
0.0012490302261232787
0.0012139439091291982
0.0011803086629911053
0.0011480333754538131
0.001117041422498714
0.0010872757860706337
0.0010586511295094425
0.00103114905778137
0.0010046755865326217
0.0009791966918519265
0.0009546709722213261
0.000931039945863689
0.0009082615344234334
0.0008863013283337948
0.0008651126446428127
0.0008446696043469042
0.0008249319780998725
0.0008058608788217521
0.0007874501460764449
0.0007696551236635062
0.0007524506183265341
0.0007358087973233995
0.0007196922506450179
0.0007041093114531993
0.000689016028134725
0.0006744028547606039
0.0006602340605065122
0.0006465098780464434
0.0006332146736087138
0.000620306344883447
0.0006077852238792535
0.0005956340326545148
0.0005838473993770874
0.0005724007139221632
0.0005612846164609703
0.0005504853006778756
0.0005399977715409474
0.0005297953851889827
0.0005198788509900096
0.0005102341518261007
0.0005008569636530328
0.46912888971196925
0.0008608615974988855
0.0008405582164160195
0.0008209582641987929
0.000802037495384751
0.0007837530465437723
0.0007660726993662142
0.0007489816576791437
0.0007324597831910089
0.0007164651582267921
0.0007009718302334314
0.0006859819709198201
0.0006714597164114417
0.0006573894824276776
0.0006437518612409224
0.0006305221898516394
0.0006177013152864959
0.0006052616744216788
0.0005931847198016604
0.46647611910689696
0.0010144855725455672
0.0009886322373038367
0.0009637520665128019
0.0009397852045511592
0.000916687719194263
0.0008944259011127537
0.0008729645036662506
0.0008522423627031753
0.0008322439535566837
0.0008129384122090559
0.0007942812610775598
0.0007762542179517557
0.0007588200461179497
0.0007419694318902097
0.0007256712633964327
0.0007098865502837077
0.0006946127360100246
0.0006798248363982678
0.0006654906706513823
0.000651605573457729
0.0006381367373454297
0.0006250953162331113
0.0006124258937838961
0.0006001431083246955
0.0005882193282350345
0.0005766475366991437
0.46692808802067903
0.000987012343217201
0.0009621909707265266
0.0009382749080837178
0.0009152391169819056
0.45862754993247473
0.001542360197417508
0.001494588926460314
0.0014489595721164127
0.001405369913934333
0.001363675244098787
0.0013237729102732845
0.0012855975750509173
